<built-in function sorted>: 
	test1.in: 0.0 sec. --> Sortare corecta
	test2.in: 0.0029277801513671875 sec. --> Sortare corecta
	test3.in: 0.0 sec. --> Sortare corecta
	test4.in: 0.0 sec. --> Sortare corecta
	test5.in: 0.0 sec. --> Sortare corecta
	test6.in: 0.0 sec. --> Sortare corecta
	test7.in: 0.015618324279785156 sec. --> Sortare corecta
	test8.in: 0.011744499206542969 sec. --> Sortare corecta
	test9.in: 0.1287980079650879 sec. --> Sortare corecta
	test10.in: 0.10634636878967285 sec. --> Sortare corecta
	test11.in: 0.1209709644317627 sec. --> Sortare corecta
	test12.in: 0.016587495803833008 sec. --> Sortare corecta

<function BubbleSort at 0x00CC6BB0>: 
	test1.in: 0.0 sec. --> Sortare corecta
	test2.in: Depaseste 10 sec. timp de executie
	test3.in: 0.0 sec. --> Sortare corecta
	test4.in: 0.0 sec. --> Sortare corecta
	test5.in: 0.2176957130432129 sec. --> Sortare corecta
	test6.in: 0.21081948280334473 sec. --> Sortare corecta
	test7.in: Depaseste 10 sec. timp de executie
	test8.in: Depaseste 10 sec. timp de executie
	test9.in: Depaseste 10 sec. timp de executie
	test10.in: Depaseste 10 sec. timp de executie
	test11.in: Depaseste 10 sec. timp de executie
	test12.in: Depaseste 10 sec. timp de executie

<function CountSort at 0x00CC6BF8>: 
	test1.in: 0.0009744167327880859 sec. --> Sortare corecta
	test2.in: 0.4821431636810303 sec. --> Sortare corecta
	test3.in: 0.0 sec. --> Sortare corecta
	test4.in: 0.0 sec. --> Sortare corecta
	test5.in: 0.39043378829956055 sec. --> Sortare corecta
	test6.in: Depaseste 10 sec. timp de executie
	test7.in: 0.7973904609680176 sec. --> Sortare corecta
	test8.in: 0.12687969207763672 sec. --> Sortare corecta
	test9.in: 0.21569538116455078 sec. --> Sortare corecta
	test10.in: 0.2371668815612793 sec. --> Sortare corecta
	test11.in: 4.144088506698608 sec. --> Sortare corecta
	test12.in: 4.290502071380615 sec. --> Sortare corecta

<function RadixSort at 0x00CC6C88>: 
	test1.in: 0.0 sec. --> Sortare corecta
	test2.in: 0.013663768768310547 sec. --> Sortare corecta
	test3.in: 0.0 sec. --> Sortare corecta
	test4.in: 0.0 sec. --> Sortare corecta
	test5.in: 0.0009758472442626953 sec. --> Sortare corecta
	test6.in: 0.0018012523651123047 sec. --> Sortare corecta
	test7.in: 1.8523926734924316 sec. --> Sortare corecta
	test8.in: 0.17665410041809082 sec. --> Sortare corecta
	test9.in: 0.4196794033050537 sec. --> Sortare corecta
	test10.in: 0.46948909759521484 sec. --> Sortare corecta
	test11.in: 1.4991822242736816 sec. --> Sortare corecta
	test12.in: 0.028293848037719727 sec. --> Sortare corecta

<function MergeSort at 0x00CC6CD0>: 
	test1.in: 0.0 sec. --> Sortare corecta
	test2.in: 0.07027769088745117 sec. --> Sortare corecta
	test3.in: 0.0 sec. --> Sortare corecta
	test4.in: 0.0 sec. --> Sortare corecta
	test5.in: 0.005854606628417969 sec. --> Sortare corecta
	test6.in: 0.004880428314208984 sec. --> Sortare corecta
	test7.in: 6.903235673904419 sec. --> Sortare corecta
	test8.in: 0.6772933006286621 sec. --> Sortare corecta
	test9.in: 3.2393851280212402 sec. --> Sortare corecta
	test10.in: 6.445473909378052 sec. --> Sortare corecta
	test11.in: 5.924290657043457 sec. --> Sortare corecta
	test12.in: 0.06148171424865723 sec. --> Sortare corecta

<function QuickSort at 0x00CC6C40>: 
	test1.in: 0.0 sec. --> Sortare corecta
	test2.in: 0.07319974899291992 sec. --> Sortare corecta
	test3.in: 0.0 sec. --> Sortare corecta
	test4.in: 0.0 sec. --> Sortare corecta
	test5.in: 0.004878997802734375 sec. --> Sortare corecta
	test6.in: 0.004880189895629883 sec. --> Sortare corecta
	test7.in: 6.959878444671631 sec. --> Sortare corecta
	test8.in: 0.5318989753723145 sec. --> Sortare corecta
	test9.in: 1.6923768520355225 sec. --> Sortare corecta
	test10.in: 2.5737240314483643 sec. --> Sortare corecta
	test11.in: 1.162393569946289 sec. --> Sortare corecta
	test12.in: 0.04098844528198242 sec. --> Sortare corecta

